113	169
 165	248
 200	300
 210	315
 300	450
 440	660
 600	900
270	405
 380	570
 479	719
 540	810
 760	1140
 1080	1620
 1080	1620
188	108
 279	161
 333	192
 375	216
 500	288
 750	432
 1116	644
165	248
 210	315
 293	439
 380	570
 440	660
 600	900
 880	1320
960	540
 960	540
 1704	959
 1920	1080
 2560	1440
 2560	1440
 2560	1440
279	161
 375	216
 500	288
 558	322
 750	432
 1116	644
 1488	858
79	118
 113	169
 140	210
 165	248
 210	315
 300	450
 440	660
143	214
 190	285
 250	375
 293	439
 380	570
 570	855
 760	1140
79	118
 79	118
 79	118
 79	118
 113	169
 165	248
 210	315
279	161
 279	161
 279	161
 279	161
 279	161
 279	161
 375	216
79	118
 113	169
 140	210
 165	248
 210	315
 300	450
 440	660
143	214
 190	285
 250	375
 293	439
 380	570
 570	855
 760	1140
279	161
 279	161
 279	161
 279	161
 279	161
 279	161
 375	216